40 50 32 35 0 10 85 20 #115-15#
44 54 36 39 13 14 89 10 #104-4#
41 51 33 36 10 10 86 10 #101-1#
38 48 29 34 35 30 65 10 #111-11#
42 52 34 37 11 11 87 10 #102-2#
42 40 32 31 40 30 40 10 #114-14#
53 53 35 38 12 12 88 10 #103-3#
45 55 37 40 14 15 90 10 #105-5#
37 57 39 43 16 17 80 10 #107-7#
48 58 40 44 10 18 75 10 #108-8#
46 56 38 41 15 16 95 10 #106-6#
49 59 31 44 20 19 70 10 #109-9#
47 49 30 45 30 20 60 10 #110-10#
40 47 30 33 15 40 55 10 #112-12#
40 40 33 33 10 20 30 10 #116-16#
41 46 31 32 25 50 50 10 #113-13#
