40 40 40 40 10 10 10 10 #101-1#
40 40 40 40 10 10 10 10 #102-2#
40 40 40 40 10 10 10 10 #103-3#
40 40 40 40 10 10 10 10 #104-4#
40 40 40 40 10 10 10 10 #105-5#
40 40 40 40 10 10 10 10 #106-6#
40 40 40 40 10 10 10 10 #107-7#
40 40 40 40 10 10 10 10 #108-8#
40 40 40 40 10 10 10 10 #109-9#
40 40 40 40 10 10 10 10 #110-10#
40 40 40 40 10 10 10 10 #111-11#
40 40 40 40 10 10 10 10 #112-12#
40 40 40 40 10 10 10 10 #113-13#
40 40 40 40 10 10 10 10 #114-14#
40 50 32 35 0 10 85 20 #115-15#
40 40 40 40 10 10 10 10 #116-16#
